   2.0000000e+00  -7.6827087e-01  -1.2811467e-01  -1.2478456e+00   9.1910957e-01  -8.8162796e-02  -1.6483079e+00  -1.2736086e-01  -4.9911798e-01   6.2918574e-01   5.7942472e-01
   1.0000000e+00   2.9356950e-01   5.4636514e-01  -6.2410425e-01   4.7288891e-01  -3.4322089e-01  -3.8240788e-01   1.8454115e+00   3.3541916e-01  -1.7095108e+00  -1.4679763e-01
   2.0000000e+00   4.8338530e-01   1.2183800e+00  -3.0030218e-01   6.0076708e-01  -1.3679207e+00  -1.0578326e-01   1.0274851e+00  -1.0269028e+00   3.8606611e-01  -8.6352039e-01
   2.0000000e+00  -7.1384274e-01   1.2503159e-02   1.7443378e+00  -2.4249344e+00  -5.5485608e-01   5.4434315e-01  -8.5123163e-01  -1.3928131e+00  -9.9338150e-01   5.9273722e-01
   2.0000000e+00   6.2087274e-02   9.3464720e-01  -9.6850126e-02   2.7749447e-01   8.1668911e-01  -1.0455211e+00   1.2334987e-01   1.9020479e+00  -7.2348636e-01  -1.7388526e+00
   2.0000000e+00   1.3334001e+00   9.7922578e-01  -4.9638997e-01   1.2519922e+00   6.5042083e-01  -8.9649871e-01   6.6974444e-01   3.2090207e-01  -5.4822742e-02  -1.2140011e+00
   1.0000000e+00   1.5839132e+00   1.6138729e-02  -5.6115007e-01  -6.6607066e-01   6.0188952e-01  -9.8086994e-01   1.9951442e-01  -4.2380821e-01   5.5886972e-01  -1.1941430e+00
   2.0000000e+00   2.1505776e+00  -2.3381548e-01  -1.5499838e+00   1.0321253e+00   3.9903107e-01  -9.3935956e-01   1.1427481e+00   1.6207381e+00   6.4638779e-01  -4.2869123e-01
   1.0000000e+00   3.8043435e-01   2.7503476e-01  -7.6820535e-01  -5.8550063e-01  -2.5759341e-01   5.5055628e-01  -5.2712343e-01   3.0785940e-01  -4.0479132e-01  -7.2346894e-01
   2.0000000e+00  -1.3265649e+00  -9.7175601e-02  -7.8933889e-01   6.0604742e-01  -2.7663817e-01   3.9068175e-01   1.3125683e+00  -8.8738532e-01  -1.8959126e-01  -4.7511090e-01
   1.0000000e+00  -1.3227045e+00   9.1195635e-02   2.2237617e-01  -2.3193756e-01   2.8357583e-01  -1.2832054e-01   3.2436973e-01  -2.3868999e-01  -1.2103575e+00   1.7872684e+00
   2.0000000e+00  -7.1402325e-02   1.5953874e+00   1.2455308e+00  -4.6158415e-01   6.6184380e-01  -3.7989169e-01   4.4585974e-01   7.6837560e-02  -5.6761085e-01   3.1652918e-01
   2.0000000e+00  -1.0824351e+00  -4.7517547e-01   1.8425715e+00   1.2523315e-01   1.4012165e+00  -8.9395501e-01   3.7416982e-01  -2.4930956e-01  -2.2609440e-01   6.0081801e-01
   2.0000000e+00   7.3496523e-01   2.0155513e+00   3.4118479e-01   1.6648011e+00  -5.3743024e-01   2.3216805e-01   7.2113214e-02   1.8515923e+00  -5.0798599e-01  -6.9271801e-01
   2.0000000e+00  -1.0001105e-01   2.2692315e-01   9.2907014e-01   1.6603358e+00   1.1231137e+00   9.6441444e-02  -7.8017206e-01   7.3939103e-01   1.1475130e+00  -5.3636955e-02
   2.0000000e+00  -1.1493061e-01  -6.6241270e-01   1.0357064e+00   1.7343545e+00  -1.3419325e+00  -7.6641138e-01   5.6270688e-01  -3.5018645e-01  -5.6570863e-02   9.9606843e-01
   2.0000000e+00  -4.5436781e-01   4.5781090e-01   1.2523495e+00  -1.1032194e+00   1.5013036e+00   1.1744372e+00  -5.0809861e-01  -2.3461317e-01  -5.0514966e-01  -2.1908167e-03
   2.0000000e+00  -1.5339519e-02  -1.2055671e+00   1.3076256e-01  -3.9691457e-01  -6.4606378e-01   4.4321208e-01   7.0285150e-01  -7.1595599e-01  -2.1620099e-01   3.2929596e-01
   1.0000000e+00   1.4516218e+00   7.6332263e-02   1.6545758e-01  -8.4530677e-03  -7.3572684e-01  -9.6056899e-01   1.0906051e+00   1.3882359e+00   1.9401760e+00   1.1213096e+00
   1.0000000e+00   9.4482828e-02   3.8367108e-01  -2.9110513e-01  -1.5541547e+00  -3.8821688e-01   1.0184070e+00  -1.3709560e-01   1.2582561e+00   7.2807586e-01  -2.7227900e-01
   1.0000000e+00  -4.2398724e-01   6.5179173e-01   6.5665620e-02   4.1798863e-01  -3.9485223e-01  -4.8873026e-01   5.1718141e-02   7.5334493e-01   2.9532693e-01   7.5410995e-01
   2.0000000e+00   8.0731040e-01  -2.0737362e-01   9.5259774e-01  -1.7499067e+00   7.6919813e-01   1.6960169e+00   1.0508154e+00  -5.8309481e-01   1.5498839e+00  -6.6922691e-02
   2.0000000e+00  -6.1607987e-01  -2.0096250e-01  -3.1921111e-01  -8.7086896e-01  -3.9764333e-01   5.9827464e-01   8.8035772e-01   6.9475798e-01  -7.8368497e-01   2.5517996e+00
   2.0000000e+00   1.3423156e+00  -7.1271779e-02  -2.9253440e-01  -4.3782123e-01  -1.0735769e+00  -3.3587579e-01  -4.6169800e-01   1.3361187e-01   1.2891329e+00  -2.1884191e-02
   2.0000000e+00  -6.5615533e-01   1.7739853e+00   2.3337920e+00   6.9897596e-01  -2.3584267e+00  -4.7388047e-01   6.0572530e-01  -1.2891693e+00   3.6922225e-01  -7.7617682e-01
   2.0000000e+00  -1.0439454e+00   4.6397097e-01  -2.0048911e+00   3.1517927e+00  -1.1285325e+00  -1.5465371e+00   1.0287882e+00   9.8607567e-01  -1.8112221e-01  -5.7490762e-01
   2.0000000e+00  -1.1303145e-01   1.7008631e+00   2.4322399e-01   2.1988887e-01  -1.1036588e+00   3.5009571e+00  -5.8033667e-01  -3.5034178e-01  -2.8506601e-01  -1.5588920e+00
   2.0000000e+00  -4.8135121e-01  -5.5144541e-01  -1.5561263e+00   1.5786519e+00   6.8351119e-02  -9.5772480e-02  -1.1773894e+00   7.8029380e-01  -5.3117567e-01   7.9363838e-01
   2.0000000e+00  -1.1061924e+00  -1.2411763e+00  -5.4157746e-01   1.5261073e+00   5.3059731e-02  -2.8991883e-01  -9.9857498e-01   1.1654784e+00  -6.8756190e-01  -1.0971048e-01
   2.0000000e+00   4.2384200e-01   1.7500365e+00   2.7809277e+00   1.3049132e+00   2.3254908e-01  -2.4757779e+00  -2.8681170e-01   7.1128727e-01  -8.1757018e-01   1.2515766e+00
   2.0000000e+00   6.7600695e-01   1.9510673e-01   9.1698262e-01  -7.6294799e-01  -1.2198866e+00  -7.7687687e-01  -1.5035453e+00  -5.8696906e-01  -3.7915655e-01   8.2706024e-02
   2.0000000e+00   6.5749658e-02  -7.9546569e-01   8.4472847e-01   1.0763148e+00   7.7719644e-01   2.5571310e-01   1.4914648e+00  -3.5116799e-02   9.7358919e-01  -2.3270047e-01
   2.0000000e+00  -4.6038417e-01  -7.3316286e-01  -1.6921550e+00  -3.0379264e-01  -4.9649976e-01  -1.5597984e+00   3.1286122e-01  -4.5288133e-01  -1.2157833e-01  -1.4753872e+00
   2.0000000e+00  -1.7679797e+00   1.4655919e-01  -3.5881729e-01   2.1441725e+00  -1.9522593e+00  -1.4259373e+00  -1.8713247e-01  -1.7488391e-01   6.5077123e-01  -5.3497817e-01
   2.0000000e+00  -1.8794052e+00  -2.7519712e-01  -4.3421236e-01  -2.9546342e-01   1.0786340e+00   3.2698865e-01   7.5409607e-01  -1.9340139e+00   5.6866280e-01   1.6446144e+00
   2.0000000e+00   5.7409444e-01  -2.7542966e-01  -1.0867971e+00   7.1516694e-03  -6.5529627e-01  -7.6409351e-01  -8.7497297e-01   8.0688597e-02   1.8915159e+00   4.0107171e-01
   2.0000000e+00   2.0572641e+00  -1.7775206e+00  -2.8503602e+00  -2.6568763e-01   1.0591646e+00  -2.7020715e-02  -6.4118533e-01  -2.1579605e+00  -6.3480347e-01   2.1574175e+00
   2.0000000e+00  -5.9846965e-01  -1.0942390e+00   3.8329500e-01   1.2150181e+00   5.7074920e-01  -6.0379462e-01   9.3355772e-01  -7.4508984e-01  -6.4724974e-01  -8.2662928e-01
   2.0000000e+00  -4.7296997e-02  -6.8799195e-01   7.0021967e-01   2.8965703e-03   6.3195133e-01   3.5409350e-01  -4.2981779e-01   4.7809201e-01  -9.7577843e-01  -3.8166235e-01
   1.0000000e+00   2.2092566e-02   8.1440484e-01  -7.0090399e-02   9.8912774e-02  -1.3609533e-01  -1.3785960e-02  -8.9997098e-01   2.6243272e-01   1.2650156e+00   8.0771770e-01
   2.0000000e+00   1.5290915e+00   1.8577245e+00   1.4685231e+00  -1.3257316e+00   7.7784705e-01  -1.8316504e-01   9.7495250e-02   1.7213205e-01   1.3275071e+00   9.6596963e-01
   2.0000000e+00   9.8599522e-01  -4.9674620e-01  -2.7541952e-01  -1.5773525e+00   1.4147955e+00   1.3764325e+00  -1.5148408e-01  -2.1383610e+00   2.3913762e-01  -2.0699979e+00
   2.0000000e+00  -4.1312634e-01  -1.2169648e+00  -1.4981167e-01   8.6948182e-01  -2.2583500e-01   6.2496590e-01  -3.4766730e-01   2.1468526e+00  -4.4622021e-01  -5.2906500e-01
   2.0000000e+00  -1.2218455e+00  -5.6385240e-02   1.0348023e+00  -3.0147614e-01  -7.5498277e-01   1.2599190e+00   2.1991209e-01  -2.5868051e+00   1.9317088e+00  -2.5079225e-01
   2.0000000e+00   1.8912207e+00  -2.5872218e-01  -4.2333600e-01   5.8527465e-01  -5.5960805e-01  -2.9649053e-01  -5.9896089e-01   3.4140549e-01   1.6200950e+00  -2.3542816e-01
   2.0000000e+00   8.7195680e-01  -2.7448079e-02   6.5387966e-01   5.0818772e-01   8.1208890e-02  -2.5218574e-01  -5.6105433e-01   2.5146207e-01   9.6112727e-01   1.0686621e-01
   2.0000000e+00  -7.2900514e-01  -4.1370879e-01   3.0144610e-01  -4.2099398e-01  -1.2144411e+00   9.2311981e-01  -8.0946530e-01  -2.3284841e-01   5.0456110e-01   9.6759878e-01
   2.0000000e+00  -1.9109193e-01  -1.4202083e-01  -3.1429251e-02  -5.2224640e-01   5.1521821e-01  -1.2598292e+00  -1.6217707e+00  -2.4432471e-01  -2.2905815e-01   7.6317235e-01
   2.0000000e+00  -3.4752912e-01  -1.0785529e+00   4.6137523e-01   6.7115944e-01  -9.8624224e-02   1.7146928e+00  -1.6822573e+00  -1.7435429e+00   1.1358045e+00  -6.0504587e-02
   1.0000000e+00   5.6251898e-01   6.5381470e-01  -5.9480690e-01  -4.7511625e-01   4.9429478e-01  -6.7250235e-01   6.3974786e-01   2.5212324e-01  -8.4656824e-01   1.6745090e+00
   2.0000000e+00   8.8285720e-01  -7.5645170e-01   2.1815189e-01   3.1346006e-01   7.0814752e-01   3.1583475e-01  -1.9160958e+00  -1.7872182e-01  -6.8689848e-01  -8.5012468e-01
   2.0000000e+00  -1.1819383e+00  -5.5660516e-01  -2.2171356e-01   2.3332252e-01  -1.2638116e-02  -5.8547999e-01  -6.3751494e-01   4.1496661e-02   1.3026039e+00  -4.5200867e-01
   2.0000000e+00  -6.9169837e-02  -3.2562646e-01   6.2982183e-01   1.2671724e+00  -1.1271179e+00  -1.0257043e+00  -3.0140604e+00   4.9986339e-01   4.5580516e-01   1.5496500e+00
   2.0000000e+00   1.1923389e+00  -3.9575104e-01  -1.3087050e+00  -5.8810629e-01   6.6856587e-01   9.0401412e-01   7.2539025e-01  -2.4864463e-01   5.7817901e-01   4.7490578e-01
   2.0000000e+00  -8.5598544e-01   1.2337894e+00   2.0997283e-01  -2.0207201e-01   1.3989522e+00   9.3941507e-01  -1.5427792e-01   1.9684078e-01   1.0307893e+00  -3.8112802e-02
   2.0000000e+00   6.8912314e-01  -1.6187596e+00   1.2123411e+00   6.2934144e-01   7.1968400e-01   1.0332680e+00   6.8272394e-01   1.2888099e+00  -4.1516870e-02   4.7200763e-01
   2.0000000e+00  -5.1344730e-01   9.2753434e-01  -5.2610658e-01  -8.0960522e-01  -8.6483036e-01  -9.9396995e-01  -1.1254945e+00   1.4111514e-01  -5.8520913e-01  -2.3493771e-01
   2.0000000e+00  -8.6807182e-01  -8.4433287e-01  -9.1000368e-02  -1.1999881e+00  -4.6116626e-01   7.8234863e-01   3.8291405e-01   8.9824179e-02  -5.7903120e-01   6.2163313e-01
   2.0000000e+00   1.3437151e+00   7.1405766e-01   1.1897208e+00  -4.3651883e-01  -2.9418475e+00   2.6741709e-02  -5.6940493e-01   9.2208084e-01  -5.7066899e-01  -1.4936211e+00
   2.0000000e+00   2.2296281e+00  -3.2582026e-01   3.7222458e-01   9.2384184e-01   1.3454068e+00  -1.4454963e+00   4.5795856e-01   9.7799473e-02  -9.2408790e-01  -1.2340071e+00
   2.0000000e+00  -1.3757188e+00  -1.1803040e+00  -1.8906844e+00   8.9328247e-01  -1.6136029e+00  -1.4736773e+00  -8.4124831e-01  -3.0227449e-01   4.0062446e-01  -1.4856038e-01
   2.0000000e+00   6.2465990e-02  -1.1777003e+00  -1.2261149e+00   4.6810657e-02   5.0055287e-01   4.7361863e-02  -2.3890811e+00  -3.3713907e-01  -7.6391902e-02   5.1483004e-01
   2.0000000e+00   5.6490782e-01  -1.5323133e+00   5.9064340e-01   1.2999574e+00  -1.3561750e+00  -5.2576672e-02  -4.8201855e-01   1.1691631e-01   1.9800293e+00   1.9726279e+00
   2.0000000e+00   5.2574022e-01   1.0867618e+00   1.0840334e+00   3.4877023e-01  -8.0976864e-01  -8.6183172e-03   1.0662271e+00   1.9465940e-01   2.5564513e-01  -2.0426156e-01
   2.0000000e+00   8.2696446e-02  -2.7058843e-01  -1.3890501e+00   6.3656891e-02   6.1497218e-01  -5.5698250e-01  -2.4912304e-01  -1.6072529e-01  -2.4349884e-01   1.0788056e+00
   2.0000000e+00  -3.1121721e-01  -9.9739215e-01   5.2476830e-01  -5.1373453e-01   8.9232851e-02   1.6226049e-01   2.5838547e-01  -7.8366161e-01   1.6992812e-01  -3.7298868e-01
   2.0000000e+00  -7.0668218e-01  -9.7499378e-01  -9.6311482e-01   3.7737136e-01   6.9306610e-01  -1.9467708e-01  -1.8270274e+00  -6.5908714e-01  -1.6254913e+00   5.5500833e-01
   2.0000000e+00   3.5592497e-01  -8.9855667e-02  -1.7672333e+00  -4.0526515e-01  -1.5988162e+00  -1.4130569e+00   4.8835891e-01  -9.8483810e-01  -6.4898230e-01  -3.1018473e-01
   2.0000000e+00   6.4010642e-01   1.9669676e-01   1.5821527e-01   3.3222870e-02   9.8367676e-01   3.3424621e-01   1.1687100e-01  -1.1312505e+00   2.0953898e+00  -1.1608481e+00
   2.0000000e+00  -1.0981731e+00  -7.3344992e-01  -2.0737923e-01   1.3226380e+00  -1.4986722e+00   6.8451352e-01  -3.7120639e-01   1.2211826e+00  -4.7445107e-01   1.0879403e-01
   2.0000000e+00   7.8122891e-01   1.1327399e+00   7.2949575e-02  -5.2913623e-01   2.3460325e-01  -2.3049660e-02   3.1944141e-02   1.0542214e+00   3.2801696e-01  -7.2714397e-01
   2.0000000e+00  -2.1887072e-02  -1.0309256e-01   1.6854752e+00   1.3970628e-02   2.2805448e+00  -1.7612322e+00   3.4730644e-01  -1.1394931e+00  -1.8560533e-01  -1.7980937e+00
   2.0000000e+00  -4.1596614e-01   1.3650288e+00   1.4771773e+00   8.0515435e-01  -6.3647846e-01   3.3430224e-01   1.5887486e+00  -2.9105226e-01   1.7573454e-01  -5.0465123e-01
   2.0000000e+00  -6.8391951e-01  -5.9476649e-01  -1.3944158e+00  -1.3322639e+00  -4.8772025e-01   1.0105855e-02   3.0826319e-01  -2.9863230e-01  -1.7483301e-01   8.1551349e-01
   1.0000000e+00  -2.9361913e-02   2.0857047e-01   9.5905456e-02  -2.4418585e-01   6.2584733e-02  -4.0214659e-01  -6.9392764e-01  -8.9943645e-01  -1.3157388e+00  -1.5117495e+00
   2.0000000e+00  -7.8298639e-01  -7.0571854e-01  -1.2305401e+00  -1.5081942e+00  -6.6656658e-01   1.7757837e+00   1.4648728e+00  -1.1628010e+00  -2.3004812e-01   1.2004501e+00
   2.0000000e+00  -3.9228558e-01  -3.6852349e-01   1.2384597e+00   1.1932808e+00  -2.0329510e-01   3.0320050e-01   6.8915479e-01   1.3365120e+00  -1.9281548e+00  -1.1685816e+00
   1.0000000e+00  -8.1984131e-01   3.4633695e-02  -1.8678716e+00  -1.3044602e+00  -2.7242861e-01   1.6327105e+00  -9.6228623e-02   7.4914919e-01   3.0941344e-01   9.9395134e-01
   2.0000000e+00  -4.9228731e-01  -9.8808293e-02  -1.4576097e-01   1.1397536e+00  -1.2105435e+00   1.7250870e-01  -1.0197319e+00  -6.4843812e-01  -6.3958916e-01  -1.7120008e+00
   2.0000000e+00  -4.7717123e-01   8.5628147e-01  -6.0421048e-01  -4.5542306e-01  -5.9391562e-01   4.9017619e-01  -2.0322703e+00   3.7507641e-01  -3.9569719e-01  -1.3528268e+00
   2.0000000e+00  -2.7484600e+00  -2.1150231e-01  -2.7578401e-01   1.6605518e+00   2.5326025e-01  -8.7890889e-01  -5.1977199e-01  -4.6421645e-01  -9.3149264e-01   1.3002986e+00
   2.0000000e+00  -5.2777153e-01  -1.0087003e-01  -5.4153494e-01  -1.2516637e+00   7.8788311e-01  -2.3648647e-01  -7.7344334e-02  -1.6401395e+00  -2.0598184e-01  -4.2789636e-01
   2.0000000e+00   5.5286262e-01   1.1516749e+00  -5.6139805e-01  -7.3316055e-01  -6.6503390e-01  -2.8713779e-01  -7.9746489e-01  -8.5501592e-01   1.9406803e+00   1.7070329e+00
   2.0000000e+00  -1.0487065e+00  -4.1802479e-02   8.8005411e-02  -9.9655577e-01   8.4535565e-01   1.4146843e-01   1.1226873e+00   1.1663237e-01   3.1982184e-01  -2.5027480e-01
   2.0000000e+00   1.3675021e+00   2.9571883e-01  -7.1482590e-02  -7.7913832e-01  -1.6975548e+00  -6.8752738e-01  -8.8200719e-01  -1.1253298e-01   1.1903004e+00  -9.5063068e-01
   2.0000000e+00   3.3912227e-02  -4.0860810e-01  -5.1483189e-01  -1.0139248e+00  -1.6256618e-01  -7.7153205e-01  -1.1430235e+00   9.1056799e-01   5.5984509e-01   8.7496400e-01
   1.0000000e+00  -3.3173054e-01   1.4900883e-01  -1.0484745e+00   3.2045464e-01   5.1086373e-01  -1.7998961e+00   6.6328320e-01   1.4687060e+00  -1.6626421e+00  -7.6077961e-01
   2.0000000e+00   4.0926267e-01  -2.6314860e-01  -2.5102462e-01   1.2786202e+00  -5.9302758e-02   2.1449006e+00  -1.1629118e-01  -9.5369871e-01  -1.0613150e+00  -1.8243065e+00
   2.0000000e+00  -1.3750769e-01  -4.6725373e-01   1.7157377e+00  -7.4048446e-01   1.9338920e-01   1.5741350e-01   7.7477899e-02  -1.4080578e-01   4.8384532e-01  -8.4563406e-01
   2.0000000e+00  -5.1592766e-01   1.3972116e+00   4.5991011e-01   8.5004151e-01  -8.2955918e-01  -2.6599240e-01  -1.8111881e+00  -1.5794939e+00  -7.6354309e-01  -1.1421418e-01
   2.0000000e+00   1.8481436e-02  -1.0435407e-02   1.7888889e-02  -2.4673331e-01  -1.2969640e+00   2.2247079e-01  -8.9741683e-01  -1.3681846e+00  -3.1485808e+00  -1.1054806e-01
   2.0000000e+00   1.8295305e+00   8.2634769e-01   1.8504551e+00  -1.8704409e+00  -1.5230832e-01  -1.4429599e-01  -1.5866470e+00  -4.6937140e-01   1.1937235e+00  -3.2708727e-01
   2.0000000e+00   4.7318177e-01  -9.2256073e-01  -1.1600118e+00  -3.9587081e-01  -1.0398432e-01   6.4490604e-01   2.9261727e-01   1.3748720e+00   2.0160701e+00   1.5902661e+00
   2.0000000e+00  -6.7921269e-01   1.8926680e+00  -1.0061765e+00   1.1256176e+00  -3.7394854e-01   4.8137940e-01   6.7164712e-01  -3.6835295e-01  -9.5561681e-01   2.9024750e-01
   2.0000000e+00  -1.7710588e+00   6.5078350e-01   1.7476360e+00  -1.6702491e-01  -1.4011578e+00  -8.3307490e-01  -1.0074832e+00   1.4035097e-01   1.4704969e+00  -7.0378905e-02
   1.0000000e+00  -4.0514987e-01   5.0783260e-02  -9.6992414e-01  -3.5879077e-01  -9.4216321e-01   1.1838327e+00   6.9983424e-02  -3.4491132e-01  -8.9165993e-01  -1.7020355e-01
   2.0000000e+00  -4.0167888e-01   1.2797971e+00   1.1200421e+00   2.0085993e+00  -4.0667163e-01  -1.7933228e-01  -3.5077781e-01   8.7318316e-01  -1.5914486e+00   1.1774103e-01
   2.0000000e+00   2.9179631e-01  -2.2442302e+00   1.3280538e+00   5.3926068e-01  -1.4787453e-02  -3.3232331e-01   1.6169448e-01  -1.7552505e-01  -2.7264971e+00  -2.6719737e-01
   2.0000000e+00  -1.3237976e-01  -5.3310856e-01   1.3868271e-03  -1.8859495e+00   9.6827039e-01   5.4259002e-02  -1.2517511e+00   3.5389413e-01  -1.2888237e+00   1.1382390e+00
   2.0000000e+00   1.4466797e+00  -1.1592727e+00  -3.5535216e-01  -1.2404616e+00  -2.0265869e-01  -4.4218372e-01   6.8588519e-01   3.3580744e-02   1.9430505e+00   1.4038914e+00
   2.0000000e+00   3.5777159e-01  -1.5098493e+00   4.6204799e-01  -2.4869443e-01   5.2193261e-01  -3.0184574e-01   1.7275135e-01  -7.2458825e-01   4.9853498e-01   1.3224783e+00
   2.0000000e+00  -1.6627155e+00  -6.0512560e-01  -6.5444589e-01   3.9398632e-01   2.1462005e-02   3.9197562e-01  -1.5122171e-01   7.1251082e-01  -5.8168814e-01   8.7370040e-01
   2.0000000e+00   1.5618512e-01   1.5615304e+00  -1.0763698e+00   4.4377032e-01   5.0993097e-01  -1.0440545e+00  -7.9366874e-01  -7.7154575e-01  -1.3909763e-01   1.1202092e+00
   1.0000000e+00   6.8674211e-01   1.6144657e-01   5.0946070e-01   3.1982425e-01  -3.4086921e-01   1.6866282e+00   1.1272100e+00   1.7523837e+00   1.4185468e+00  -1.1634730e+00
   2.0000000e+00  -4.0622642e-01  -1.6476451e+00  -1.1076304e+00  -3.0764227e-01   2.6233458e-01   7.7869961e-01   1.5212000e-01   2.6528971e-01   2.8334365e-01   6.8245183e-01
   2.0000000e+00  -7.9554526e-01   1.0009094e+00  -7.8237852e-01   4.7462270e-01  -2.6237304e-01   8.9780144e-01  -1.1926098e+00   4.3231555e-01  -6.2640903e-01   1.5435178e-01
   2.0000000e+00   1.8598650e-01   9.3911580e-01  -7.4916448e-01   1.4101485e+00  -1.8097814e+00   1.7870984e+00   2.8314595e-01  -6.9354343e-01  -8.6051423e-01   1.1977732e+00
   2.0000000e+00  -1.7208560e+00   6.9453480e-01  -1.0123655e+00   2.3247280e+00   1.2317923e+00   1.6123652e-01  -6.4001152e-01  -7.3304516e-01   9.6650022e-01  -1.3650242e+00
   2.0000000e+00  -2.5900095e-01  -4.9340318e-02   1.4701004e+00   2.0634819e-01  -1.3731881e+00   1.3721770e+00  -1.1683446e-01   5.4442189e-01  -4.7696029e-01  -1.5058028e+00
   2.0000000e+00   9.8355154e-01  -1.3873707e+00   2.0960057e+00   2.7944941e-01   1.2171673e+00  -2.3346806e-01  -3.1681922e-01  -1.3094528e+00   1.3572271e-01  -1.0998312e+00
   1.0000000e+00  -2.1615566e+00   6.2650423e-01   2.1934874e-01  -9.1036500e-02  -7.4567459e-01   6.5818226e-01   5.3172140e-01   9.6124573e-01   9.5392670e-01  -7.3169063e-01
   2.0000000e+00  -3.1236968e-01  -1.8960645e+00   9.0830247e-02   9.6350144e-01   3.3350831e-01  -1.1607074e+00  -2.3459502e+00  -1.3158320e-02   8.9641165e-01  -6.8239115e-01
   2.0000000e+00   6.5839008e-01  -3.5599565e-01  -9.1768778e-01  -4.9000393e-01   1.0592350e+00   2.9216217e+00  -7.6601069e-01  -5.0225874e-01  -3.6642646e-01  -8.9187939e-01
   2.0000000e+00  -1.0303842e+00  -1.0937899e+00  -1.6094487e-01  -1.1865831e-01   1.4836817e-01   4.1972095e-01  -1.9222083e-01  -8.8215121e-01  -1.5600528e+00  -2.9634620e-01
   2.0000000e+00  -1.5897722e-01  -7.0172637e-02   8.9533025e-01   1.4750173e+00  -7.5901734e-02  -3.9614935e-01  -4.2462206e-01   6.6729184e-01   3.9792028e-01  -1.7283775e+00
   1.0000000e+00  -6.9655087e-01   7.5337251e-01  -1.7890795e-01   1.4522345e+00  -1.8584308e-02   5.8747937e-01  -1.5766559e+00  -1.1604573e+00  -6.6770254e-01  -3.1292028e-01
   2.0000000e+00   1.1008071e+00  -1.0152067e+00   8.6823422e-01   1.2620720e+00  -1.3057138e+00  -9.1579545e-01  -6.0176720e-02  -8.4064586e-01   2.3640478e-01  -1.0030967e+00
   2.0000000e+00  -2.5820333e-01  -1.6348104e-01   7.8414601e-02  -3.7733412e-01   1.2234035e+00  -1.1323716e-01   2.6868039e-01  -1.1222244e+00  -5.7802296e-01   5.7666327e-01
   2.0000000e+00  -4.9257173e-01   4.3932536e-01   8.6896646e-01   2.7922839e+00  -5.2260814e-01  -4.3566518e-01  -6.6503522e-01   1.4949290e+00  -1.1824280e+00  -4.2168636e-01
   2.0000000e+00   2.3082401e-01  -2.4418881e-01   4.6934812e-01   1.8229583e+00   5.3531539e-01  -9.8422077e-01  -1.4275914e+00  -3.8193564e-01   1.4856491e-01  -1.2048505e+00
   2.0000000e+00   9.2983222e-01  -7.0116940e-01  -1.3650703e+00  -1.3125042e-01   6.4424973e-01   2.4887538e-01  -4.7423848e-01   1.2638247e+00  -1.2389703e-01   6.5859919e-01
   1.0000000e+00  -4.3669251e-01   7.7987311e-01  -7.2683312e-01  -2.7060888e-02  -5.5276522e-01  -3.3904317e-03  -5.1161513e-02   4.0278020e-01  -3.3696035e-01  -9.5308034e-02
   2.0000000e+00   1.3228456e+00   7.1550721e-01   5.0149272e-01   9.8360020e-01  -1.0722739e+00  -1.0207709e+00   1.5651212e+00  -5.6624205e-01  -2.5258124e+00   4.3000058e-01
   1.0000000e+00   7.9576429e-01   4.7311510e-01   1.8089787e-01  -1.6509582e+00  -2.8636148e-01  -1.6515575e+00  -5.8584279e-01  -6.2540553e-02  -1.5249495e+00  -5.8722852e-01
   2.0000000e+00   3.5752998e-01   3.6231268e-01   8.6786550e-01   2.3359992e+00  -5.6500523e-01  -1.0743807e+00   3.6000774e-01  -1.1800743e+00   1.2719811e+00  -9.6221561e-01
   2.0000000e+00  -1.2949462e+00  -1.2370895e+00   2.5249287e-01  -1.0539858e+00  -8.6769694e-01  -1.4471977e+00   2.7583881e-01  -2.4711236e-02   9.1232971e-01   1.2893800e+00
   2.0000000e+00   9.5331647e-02  -4.2548609e-02  -6.8339066e-01  -3.5732983e-01  -8.3535101e-01   3.6881396e-01  -1.5189931e+00  -2.0797082e+00  -2.4101522e+00  -7.0222326e-01
   1.0000000e+00  -1.6972400e-01   2.4038873e-01   1.0336633e+00   2.7699829e-01   3.2835234e-01  -5.5684939e-01   1.5626731e+00   1.2870114e+00   2.6214518e-01   3.5204099e-01
   1.0000000e+00   1.0057116e+00   5.3658017e-01  -4.8053042e-01  -7.1823041e-01   6.1797259e-01   3.3986563e-01   5.3397042e-01   6.9960884e-01  -4.4264955e-01   4.7606959e-01
   2.0000000e+00  -2.7153672e-01  -8.1239919e-01   1.0814734e+00   3.8142404e-01  -2.7386352e-01  -1.2447616e+00  -1.4620324e+00   1.1688308e+00   9.9362080e-01   8.4744043e-02
   1.0000000e+00   1.0081349e-01   9.0907581e-02   7.5825913e-01  -7.5658823e-01  -9.3891461e-01   1.1684099e+00  -1.8198987e+00  -1.2762213e+00  -7.9248070e-01  -1.1760027e+00
   2.0000000e+00  -3.2353466e-01  -3.7096072e-01   5.2275580e-02  -2.7174367e-01   1.1340235e+00   1.5505022e+00  -2.2489438e-01   1.4950472e-01  -2.2226820e-01   8.0036667e-02
   2.0000000e+00  -6.1232314e-01  -2.5481319e-01   1.9719898e+00   7.3021156e-01  -8.6330315e-01   7.5601012e-01   1.8967089e+00   2.7108398e+00  -7.6780888e-01  -8.7455952e-01
   1.0000000e+00  -7.6915859e-01   8.7024839e-01   7.7650544e-02  -1.4716189e-01  -9.1531617e-02   6.0471068e-01   1.2550832e+00  -1.5886190e-01   1.0465196e+00   2.8042641e-01
   2.0000000e+00   2.6396796e+00  -9.4812669e-01  -6.3885539e-01  -2.3083987e-01  -3.8717532e-01   1.8650768e-01   3.1592851e-01  -1.8495037e-01   6.8896713e-01   2.9255994e-01
   2.0000000e+00   6.1127330e-01   2.0682365e-01   1.6347160e+00  -3.1258197e-01   1.3168965e+00  -1.9196208e-01   1.4697456e-01  -6.6532951e-01   4.8769651e-01   7.0997171e-01
   2.0000000e+00   1.5437509e+00   1.3659450e+00  -1.7239564e-02  -4.1588024e-01  -1.5823870e+00   1.8012613e-02  -5.6343738e-01   1.5947047e+00  -7.5407903e-01   8.1065835e-02
   1.0000000e+00   2.7481477e-01   1.0581929e-01  -1.5243825e-01  -2.8787126e-01  -4.1194060e-01  -8.1070743e-01  -6.2351330e-02   1.0492731e+00   6.5022092e-01  -1.6169701e+00
   2.0000000e+00  -2.0706211e-01  -9.7733264e-02  -2.0718850e+00   6.7066630e-01  -1.4573087e+00   2.2038445e+00   5.2952101e-01   1.6254035e-01  -1.1269552e+00  -1.4428261e+00
   2.0000000e+00  -1.0527682e+00  -1.0976012e+00   7.3015975e-01  -1.4666042e+00  -7.0753167e-01  -5.8822600e-01  -1.7520982e-02   6.5742377e-01  -5.4214371e-01  -1.2235442e-01
   2.0000000e+00  -1.1584531e+00  -5.7067145e-01   5.2010888e-01  -1.8712549e+00  -9.1803269e-01   9.6641628e-01   1.5788859e+00   9.4620857e-02   8.5520886e-01   1.3030860e-01
   2.0000000e+00   3.5582386e-01   2.1548397e-01  -1.5845677e-01   7.5078663e-01   2.2236166e+00   6.4536936e-01   1.5682057e-01   9.2133331e-01   6.7969320e-01  -6.1519500e-01
   1.0000000e+00  -1.2721780e+00   6.5474379e-01   1.6588023e+00   8.3066173e-01  -6.0052261e-01  -7.4692377e-01   1.0615953e+00   9.2232701e-01  -1.3581538e-01  -2.0267728e+00
   2.0000000e+00   7.1542966e-01   1.2538655e+00  -6.2614652e-01  -6.9272453e-01  -1.0665878e+00   1.1993045e+00  -1.2481688e-01  -1.4309981e+00  -5.2032147e-01   8.3413084e-01
   2.0000000e+00   6.7876124e-01  -3.7637859e-01   4.9647569e-02   1.1638433e+00  -1.7231808e+00  -5.8555892e-01  -5.7874911e-01  -1.8209799e-01  -7.1752804e-01   2.1711899e-01
   2.0000000e+00  -1.7423045e-01   1.1396982e-01  -2.9392806e-01   7.5370619e-01  -1.0169655e+00   6.4061785e-01   6.3593826e-01  -1.3229773e+00   1.7530893e-01  -1.4670320e+00
   2.0000000e+00  -1.3281750e+00   1.9613056e+00  -8.7639906e-02  -9.0645983e-01   1.1378255e+00  -1.4829436e+00  -1.2527941e+00   5.4395467e-01   2.5012322e-01  -1.1566128e+00
   2.0000000e+00  -2.3473954e-01   9.2357410e-01   1.6897545e+00   1.0195686e+00   9.8286559e-01  -6.5963394e-01  -4.2599745e-01  -8.0198788e-01   6.6458528e-01   3.3865523e-01
   2.0000000e+00   1.1277036e+00  -2.1178335e+00   4.8308841e-01   2.6353764e-01  -7.5656443e-01  -1.6664953e-02   1.9446338e+00   1.2965865e-01  -2.1138648e-01   4.7396091e-02
   2.0000000e+00  -5.0766314e-01   9.6563029e-01  -1.5467041e+00  -9.4783391e-03  -7.1852613e-01   3.4344363e-01  -1.3539472e-01  -1.5534746e+00   8.4191506e-01   3.6765353e-01
   2.0000000e+00   9.4153800e-01  -3.9768747e-01  -3.5768335e-01  -1.5500813e+00   1.0874402e+00   5.0056837e-01  -1.7745281e+00  -5.3320796e-01  -9.4959119e-01  -6.9647169e-01
   2.0000000e+00   4.0571219e-01  -4.2546098e-01  -9.8741153e-01  -2.4969057e-01  -5.1291812e-01   2.5099721e-01   2.1206611e+00   1.4827195e+00  -7.6772196e-01   5.8209193e-01
   1.0000000e+00   1.8557443e-01   2.5841448e-01  -2.8754434e-01   3.9676237e-01   7.1260600e-01   2.3226694e-01   1.2935115e-01  -1.5114203e+00   9.9485779e-02   1.2130962e+00
   1.0000000e+00  -3.4120235e-01   1.9259755e-01   3.8204062e-01   8.5010694e-01  -6.1888370e-01   1.4466030e+00  -8.8483412e-01   1.2435516e+00   8.2114878e-01   1.5647446e+00
   1.0000000e+00   1.8807076e-01   4.6481286e-01   1.8259625e-01   3.8621277e-01  -4.2834227e-01   1.2327547e-01   5.2399863e-01   2.6678750e-01  -3.3500723e-01  -4.4080785e-01
   2.0000000e+00   3.1432732e-01  -1.2786645e+00   1.7695221e+00   5.3142977e-01   2.6666436e+00  -8.5896544e-01   4.6730443e-01  -1.5542262e-01   3.0399701e-01  -2.0458175e-01
   1.0000000e+00   1.2141868e+00   3.6995760e-02  -4.5513486e-01  -9.5450848e-01  -9.8142491e-02  -9.7949262e-01   1.9198971e-01  -7.1557317e-01  -1.5752673e-01   1.0185934e+00
   2.0000000e+00  -1.2666744e+00   4.0185489e-01   9.0865719e-01   1.0546860e+00   9.2949796e-01  -1.3098270e-01  -5.8021631e-01  -1.9783114e+00   2.1227512e-01  -3.3354650e-01
   2.0000000e+00   5.4539792e-01  -1.6237801e-01  -2.0412657e+00   1.1891973e+00  -1.6584259e+00  -4.8073950e-01  -9.7662639e-01  -4.1062548e-02   1.5567884e+00  -6.4072837e-01
   1.0000000e+00  -1.8589557e-01   8.5014360e-01  -4.6610897e-01  -5.4810896e-02  -1.9920254e-01  -7.4722198e-01  -7.7019734e-01   8.0045558e-01   4.0017942e-01  -3.4839064e-01
   2.0000000e+00  -1.9120728e+00  -8.1004902e-01  -1.1532286e+00  -3.4102127e-01   6.0753992e-02   9.0374922e-01  -7.0033980e-01  -3.7310472e-01  -2.5726049e-02   6.0165336e-01
   2.0000000e+00   1.0302549e+00  -2.2195726e-01   1.1914446e+00   1.0898802e+00   3.3479631e-02  -8.0245127e-01  -2.1539146e+00   8.1697932e-01  -9.9414041e-01  -7.3574104e-01
   2.0000000e+00  -4.6958780e-01   3.2194754e-01   1.4173040e+00  -4.6440736e-01   1.5244693e+00   1.7046461e-01   5.4220064e-01  -1.5631355e+00   1.6395829e+00  -6.3180002e-01
   1.0000000e+00   1.1831576e+00   5.3777708e-01  -8.6303021e-01   6.4053698e-01  -6.4955048e-01   7.8510421e-01   1.8139537e-01  -2.0370776e+00   1.3998834e+00   1.8368513e+00
   2.0000000e+00  -3.6076601e-01   1.1769737e+00   3.2552422e-01   2.6694225e-01  -5.1351417e-01   9.1826464e-01   1.3386385e-01  -1.0869349e+00  -6.7461342e-01  -5.0639476e-01
   2.0000000e+00  -2.6772206e-01  -1.7498507e+00   2.0100808e+00  -1.5878439e-01  -8.7138790e-01  -5.4535453e-01  -5.9410744e-02  -7.9024455e-01   1.0730842e+00  -1.1883132e-01
   2.0000000e+00  -1.4882788e-01  -1.1308824e-01  -5.9192054e-02  -2.8989196e-01   3.7290188e-01  -9.0306784e-01   3.9743427e-01   2.6810728e+00  -1.1961142e+00  -5.8054223e-02
   2.0000000e+00  -6.4446277e-01   7.8685863e-01  -6.5915654e-01  -1.8056368e-01   6.8010749e-01   2.7022797e-01   5.4802941e-01  -4.5815822e-01   5.7872727e-01   8.5264336e-01
   2.0000000e+00   1.9179540e-01  -1.3217290e+00   3.5667801e-01  -1.3945104e+00   1.3632795e+00  -2.7277132e-01   1.1244926e+00  -5.6219699e-01  -2.3700782e-01  -6.8558533e-01
   2.0000000e+00   2.9255221e-01  -3.4523472e-02  -1.9158047e-01   1.0990253e+00   7.5631459e-01   1.0907491e+00  -6.1504273e-01  -1.2371378e+00   9.8999439e-01   5.8197240e-01
   2.0000000e+00  -1.1901851e+00   9.5271221e-01   9.9272394e-01  -4.0158436e-01  -2.0437154e+00   4.1166543e-01  -1.3789258e+00  -1.9623548e+00   8.9522586e-01  -9.3761201e-01
   2.0000000e+00  -3.4841198e-01  -1.2879979e+00   1.6987281e+00   9.2380211e-01  -1.3252188e+00  -4.2615083e-01  -6.9633257e-01   2.9573372e-01   5.8457297e-01  -1.1768837e+00
   2.0000000e+00   1.7925423e+00   7.9572582e-01  -5.0291448e-01   7.3213895e-01   1.0349920e+00  -1.3067735e-01   7.9521821e-01   1.0403891e+00   9.7706884e-01   3.7287795e-02
   2.0000000e+00   7.0811167e-01   1.8044870e+00  -3.4233788e-01  -9.8576018e-02   4.6368491e-01   1.9100336e+00  -2.0076059e-01   2.7083277e-01  -1.4077281e+00   3.8820878e-01
   2.0000000e+00  -8.8008394e-01   7.3969044e-01  -7.0852817e-01  -2.4561258e-01   2.0151836e+00  -6.3554737e-01  -5.5907277e-01   1.3054975e-01   2.4811033e-01  -3.7678223e-01
   2.0000000e+00  -3.9112089e-01   5.3864985e-01  -1.3874687e+00   6.1400477e-02  -1.0767656e+00   4.4076140e-01  -3.8001056e-01  -2.7622650e+00  -2.2095616e-01  -9.0041136e-01
   2.0000000e+00  -3.3390541e-01   1.2239900e+00   2.7998184e-01   7.8518525e-01  -3.1129137e-01   3.8504336e-01  -6.6812016e-02   1.2906423e+00  -1.2746206e-01   3.5919870e-01
   2.0000000e+00   1.8018245e+00  -8.0976475e-01  -4.1873773e-01   2.3935239e-01   6.9702500e-01   8.1423646e-01  -1.2562998e+00   6.9058757e-01   6.5819809e-01   9.9124339e-01
   2.0000000e+00  -1.1509063e-01   1.3743475e+00  -8.1639568e-01  -3.6306370e-01  -1.2519987e+00  -3.4024320e-01   1.2390392e+00  -1.2783829e+00   5.5254959e-01   3.9012464e-01
   2.0000000e+00  -1.5975429e-01  -2.3231396e+00  -5.6787632e-01  -3.0849680e-01  -1.0326854e+00  -9.7351612e-01  -1.5671020e+00   1.3562617e+00   4.7810991e-01  -1.2915283e+00
   2.0000000e+00  -2.5421446e+00   5.5572353e-01   1.1957114e+00   1.3692639e+00  -8.9131077e-01  -1.8277139e+00  -3.4669857e-01   1.4653582e+00   2.2295138e+00   1.2911913e-01
   2.0000000e+00   6.2084936e-01  -3.5654686e-02   1.0540887e-01   9.4953781e-02   7.0983286e-01  -6.2779820e-01   7.0134165e-01   8.4284328e-01  -1.0525408e+00  -1.5365336e+00
   2.0000000e+00   1.2568401e+00   1.1345548e+00  -9.6693265e-01   2.6528673e+00   6.3973001e-01   1.5783323e-01  -2.1175490e+00  -4.9889926e-01   3.4159329e-01  -6.4629836e-01
   1.0000000e+00  -6.3320343e-02   7.0900195e-01  -8.8599078e-01  -5.1994368e-01   2.3657077e-01   4.9418632e-01   6.1816304e-01   1.9349584e+00   7.4903077e-03   9.1024292e-01
   2.0000000e+00  -1.1502135e-01   8.5845550e-01  -8.2267416e-01   1.4258602e+00  -1.5950289e+00  -1.1771716e+00   1.1548335e+00  -6.7607075e-02  -1.5363299e+00   1.2886904e+00
   2.0000000e+00  -1.1340688e+00  -1.6704739e+00   9.8529068e-01   2.3394020e-01   1.2090719e+00  -1.5519898e+00  -2.0976070e-01   6.0133328e-01  -1.7038150e+00   8.0863262e-01
   2.0000000e+00  -5.2917163e-01   1.3372465e+00  -3.7407032e-01  -1.5170126e-01  -8.7033442e-01   1.5624257e+00  -1.3652064e+00   1.3976552e+00   7.5735636e-01  -6.1346708e-01
   2.0000000e+00   5.3480322e-01  -7.6400658e-01   5.7444555e-01   1.1574517e+00  -7.7932454e-01   7.2400090e-01   1.4118990e+00  -1.4425435e+00  -1.5843363e+00  -4.6264340e-01
   1.0000000e+00   4.1459493e-01   7.1463832e-01   2.4558979e-02   3.6757281e-01   1.1154844e-01   1.7793313e+00   1.2293392e+00   6.2067702e-01  -2.1548709e-01   8.3098208e-01
   2.0000000e+00  -2.6924106e-01   1.4013838e+00  -1.1709223e+00   9.8464093e-01  -7.8013461e-02   6.8346345e-01   1.0158722e+00  -5.4508896e-01  -9.4759517e-01   1.8925720e+00
   2.0000000e+00  -3.5762921e-01  -1.5503511e-01  -9.8838531e-01  -1.4231586e-01  -1.8259600e+00  -9.6160072e-01   8.7424303e-01  -1.2404219e+00  -1.3758793e-01  -1.5655691e-01
   2.0000000e+00  -4.6719972e-01  -7.6391380e-02  -1.2976871e+00   2.6407364e-01   3.1981647e-01   1.0982416e+00   4.1644161e-01   3.3765465e-01  -1.1743023e+00   8.4822570e-01
   2.0000000e+00  -2.2468295e+00   1.0366339e+00  -2.3997790e+00   2.3212933e-01  -1.0497711e+00   2.1834562e+00   1.4382735e+00  -7.5969934e-01  -1.5111214e-01  -1.5042205e-01
   1.0000000e+00  -4.3824184e-01   5.7680915e-01   1.7696479e-02   1.1661469e-01  -9.5046449e-02   1.3277546e+00  -5.0642702e-01  -2.1182933e-01  -7.5603249e-01  -1.5335423e+00
   2.0000000e+00  -2.2314641e-01   4.0366153e-01   1.7173479e+00   1.8693235e+00  -1.1010662e+00  -1.4382640e+00  -2.0052462e+00  -2.4824499e+00  -4.7840757e-01  -1.5446172e+00
   1.0000000e+00  -3.3262877e-01   2.4092855e-01   1.3767384e+00  -1.3111456e+00   5.6372820e-01  -7.9436123e-02  -2.2691662e-01   4.3293092e-01   4.3291794e-01   1.9239754e-01
   2.0000000e+00   6.7586757e-01  -1.5790452e-01  -2.7599706e-02  -2.7434961e-01  -4.5367582e-01   1.7834838e-01  -6.8396917e-01  -8.2061697e-01   1.2876146e+00  -2.2300585e-01
   2.0000000e+00   1.2994448e+00  -7.4699045e-01   1.0910798e+00  -1.3597426e-01  -1.4088396e+00  -1.1738419e+00  -9.2926312e-01   4.6681322e-01  -8.8701713e-01  -3.7462361e-01
   2.0000000e+00  -3.8112731e-01   1.1221684e+00  -5.6750157e-02  -1.0060447e+00  -1.0518249e+00   5.1542044e-01  -4.5069582e-01   6.1780905e-01   4.9956760e-01   1.3365802e+00
   2.0000000e+00  -3.2336308e-01  -7.3588097e-01   3.6235125e-01   5.2018840e-02   2.0904901e-01  -7.2258531e-01   1.4207594e+00   1.3885879e+00  -2.7383477e-01   2.4407372e-01
